-0.0015	0
-0.0045	0
-0.0025	0.0002
0.0113	0.0008
0.0378	0.0021
0.0774	0.004
0.1465	0.0067
0.2132	0.0092
0.2766	0.0117
0.3314	0.014
0.3723	0.016
0.4078	0.0179
0.4396	0.0198
0.4788	0.0217
0.5106	0.0233
0.5468	0.0252
0.5809	0.0269
0.6203	0.0285
0.6506	0.0302
0.6834	0.0319
0.7175	0.0335
0.7485	0.0352
0.7734	0.0369
0.8082	0.0385
0.8393	0.04
0.8688	0.0417
0.8984	0.0433
0.925	0.0448
0.9599	0.0465
0.986	0.0481
1.0181	0.0498
1.0489	0.0515
1.0801	0.0531
1.1101	0.0548
1.1435	0.0567
1.172	0.0583
1.2002	0.06
1.2399	0.0619
1.2698	0.0635
1.3037	0.0654
1.332	0.0671
1.3575	0.0688
1.3826	0.0704
1.4104	0.0719
1.4373	0.0735
1.4629	0.075
1.4908	0.0767
1.516	0.0783
1.5434	0.08
1.5717	0.0817
1.5979	0.0833
1.6261	0.0848
1.6517	0.0865
1.6755	0.0881
1.7029	0.0898
1.7323	0.0915
1.7633	0.0931
1.7924	0.095
1.8248	0.0967
1.8532	0.0983
1.8829	0.1002
1.9127	0.1019
1.9427	0.1035
1.9707	0.1052
2.001	0.1071
2.0328	0.1088
2.0593	0.1104
2.091	0.1119
2.1269	0.1135
2.1489	0.1152
2.173	0.1169
2.2063	0.1185
2.235	0.1202
2.2465	0.1219
2.2834	0.1235
2.3026	0.125
2.3439	0.1267
2.3591	0.1283
2.4011	0.1298
2.4258	0.1315
2.4622	0.1331
2.4858	0.135
2.5233	0.1367
2.5512	0.1383
2.5874	0.1402
2.6175	0.1419
2.6522	0.1437
2.6864	0.1454
2.7216	0.1471
2.7555	0.1488
2.7832	0.1502
2.815	0.1519
2.8474	0.1538
2.8779	0.1554
2.9037	0.1571
2.9393	0.1585
2.9666	0.1602
3.0008	0.1619
3.0296	0.1635
3.0629	0.165
3.0941	0.1667
3.1238	0.1683
3.1534	0.17
3.1799	0.1715
3.2135	0.1731
3.2471	0.175
3.2808	0.1767
3.3133	0.1783
3.3493	0.18
3.379	0.1817
3.4144	0.1835
3.4482	0.1854
3.4829	0.1871
3.5107	0.1888
3.5391	0.1904
3.5692	0.1919
3.5988	0.1935
3.63	0.1952
3.6642	0.1969
3.6925	0.1985
3.7224	0.2002
3.7515	0.2019
3.7793	0.2033
3.8116	0.205
3.8379	0.2067
3.8698	0.2081
3.895	0.2098
3.9262	0.2115
3.9614	0.2131
3.9968	0.215
4.0231	0.2167
4.0556	0.2183
4.0902	0.22
4.1201	0.2217
4.1504	0.2235
4.1838	0.2252
4.2157	0.2271
4.2464	0.2288
4.2712	0.2302
4.3066	0.2319
4.3381	0.2335
4.3715	0.2352
4.396	0.2369
4.4239	0.2385
4.4505	0.24
4.4751	0.2417
4.5067	0.2433
4.5339	0.245
4.5665	0.2467
4.5963	0.2483
4.629	0.2498
4.6578	0.2517
4.6899	0.2533
4.7197	0.255
4.7515	0.2567
4.7799	0.2583
4.8095	0.26
4.8438	0.2617
4.8719	0.2635
4.9114	0.2652
4.9393	0.2669
4.9677	0.2685
4.9989	0.2702
5.0326	0.2719
5.0586	0.2735
5.0934	0.2752
5.119	0.2769
5.1484	0.2785
5.1777	0.28
5.2098	0.2817
5.2385	0.2833
5.2689	0.285
5.2985	0.2865
5.3288	0.2881
5.3599	0.2898
5.3887	0.2915
5.4231	0.2933
5.454	0.295
5.4852	0.2967
5.5147	0.2983
5.5487	0.3
5.5797	0.3017
5.6152	0.3035
5.6462	0.3052
5.6789	0.3069
5.7109	0.3085
5.7426	0.3102
5.7695	0.3119
5.8042	0.3135
5.8345	0.3152
5.8678	0.3169
5.8958	0.3183
5.9251	0.32
5.9548	0.3217
5.9877	0.3233
6.014	0.325
6.0453	0.3267
6.0753	0.3283
6.105	0.33
6.1374	0.3317
6.1721	0.3333
6.2098	0.335
6.243	0.3367
6.2762	0.3383
6.3079	0.3402
6.3399	0.3419
6.3713	0.3438
6.4085	0.3454
6.4383	0.3471
6.4677	0.3485
6.5028	0.3502
6.5353	0.3519
6.5656	0.3535
6.5967	0.3552
6.6272	0.3567
6.6575	0.3583
6.6883	0.36
6.7219	0.3617
6.7557	0.3633
6.7877	0.365
6.8187	0.3667
6.8502	0.3681
6.8824	0.37
6.9131	0.3717
6.9442	0.3733
6.9844	0.375
7.0192	0.3769
7.0518	0.3785
7.084	0.3804
7.1154	0.3821
7.149	0.3835
7.1865	0.3854
7.2168	0.3869
7.2491	0.3885
7.2788	0.3902
7.3116	0.3919
7.3407	0.3935
7.3702	0.3952
7.4007	0.3967
7.4299	0.3983
7.4608	0.4
7.4996	0.4017
7.5308	0.4033
7.5594	0.405
7.5933	0.4065
7.6251	0.4081
7.6569	0.4098
7.6875	0.4117
7.7234	0.4133
7.7593	0.415
7.7927	0.4169
7.8283	0.4185
7.8651	0.4204
7.9006	0.4221
7.93	0.4238
7.9617	0.4254
7.9905	0.4271
8.0222	0.4288
8.0555	0.4302
8.0864	0.4319
8.1217	0.4335
8.1561	0.4352
8.1854	0.4367
8.2154	0.4383
8.2507	0.44
8.2806	0.4417
8.3146	0.4433
8.3491	0.445
8.3795	0.4465
8.4109	0.4481
8.4444	0.4498
8.4817	0.4517
8.5207	0.4533
8.5574	0.4552
8.5902	0.4569
8.6273	0.4585
8.6582	0.4604
8.6931	0.4621
8.7266	0.4638
8.7567	0.4654
8.7854	0.4669
8.8202	0.4685
8.8539	0.4702
8.8894	0.4719
8.9255	0.4735
8.9503	0.475
8.9858	0.4767
9.0133	0.4783
9.0495	0.48
9.0824	0.4817
9.116	0.4833
9.1509	0.485
9.1888	0.4867
9.2176	0.4881
9.2539	0.4898
9.2857	0.4915
9.3212	0.4933
9.3553	0.495
9.3877	0.4967
9.4255	0.4983
9.4607	0.5002
9.4974	0.5021
9.5354	0.5038
9.5679	0.5054
9.5973	0.5069
9.6288	0.5085
9.6668	0.5102
9.6997	0.5119
9.7297	0.5135
9.7622	0.515
9.7961	0.5167
9.8291	0.5183
9.8715	0.5198
9.9199	0.5215
9.9656	0.5231
10.0141	0.525
10.0548	0.5265
10.1044	0.5281
10.1536	0.5298
10.2028	0.5317
10.2534	0.5333
10.3006	0.5352
10.3499	0.5369
10.401	0.5388
10.4453	0.5404
10.4908	0.5421
10.5372	0.5437
10.5802	0.5454
10.6217	0.5469
10.6657	0.5485
10.7105	0.5502
10.7563	0.5519
10.8017	0.5535
10.8486	0.555
10.8961	0.5567
10.9456	0.5583
10.995	0.5598
11.0485	0.5615
11.0993	0.5631
11.1531	0.5648
11.2047	0.5665
11.2603	0.5681
11.3131	0.57
11.3726	0.5717
11.4287	0.5735
11.4844	0.5752
11.5391	0.5771
11.5918	0.5788
11.6449	0.5804
11.7002	0.5821
11.7512	0.5838
11.8018	0.5854
11.8518	0.5871
11.9058	0.5888
11.9567	0.5902
12.0049	0.5919
12.0545	0.5935
12.1006	0.595
12.149	0.5967
12.2019	0.5983
12.2524	0.5998
12.3066	0.6015
12.356	0.6031
12.4089	0.6048
12.4614	0.6065
12.5117	0.6081
12.5646	0.61
12.6162	0.6117
12.6736	0.6133
12.7281	0.6152
12.7796	0.6169
12.8335	0.6185
12.8874	0.6204
12.9442	0.6221
12.9932	0.6238
13.0428	0.6254
13.0932	0.6271
13.1425	0.6288
13.1903	0.6302
13.2395	0.6319
13.2893	0.6335
13.3394	0.635
13.3891	0.6367
13.4387	0.6383
13.4879	0.64
13.5386	0.6417
13.5881	0.6431
13.6404	0.6448
13.6889	0.6465
13.7383	0.6481
13.792	0.65
13.8465	0.6517
13.9031	0.6535
13.9615	0.6552
14.0126	0.6571
14.0662	0.6587
14.1204	0.6604
14.1704	0.6621
14.2211	0.6638
14.2655	0.6654
14.32	0.6671
14.3691	0.6685
14.4192	0.6702
14.4689	0.6719
14.5179	0.6735
14.5615	0.675
14.6099	0.6767
14.6584	0.6781
14.7102	0.6798
14.7615	0.6815
14.8088	0.6831
14.8611	0.6848
14.915	0.6865
14.9666	0.6881
15.0217	0.69
15.0744	0.6917
15.1304	0.6933
15.1832	0.6952
15.2371	0.6969
15.2911	0.6985
15.3433	0.7004
15.3941	0.7021
15.4469	0.7038
15.4932	0.7052
15.5442	0.7069
15.5965	0.7085
15.6473	0.7102
15.6975	0.7119
15.7442	0.7135
15.7903	0.715
15.8365	0.7167
15.8866	0.7183
15.9387	0.7198
15.9873	0.7215
16.0382	0.7231
16.0906	0.7248
16.1394	0.7265
16.1898	0.7281
16.2417	0.7298
16.2947	0.7317
16.3487	0.7333
16.4025	0.7352
16.4569	0.7369
16.5083	0.7385
16.5649	0.7404
16.6173	0.7421
16.6681	0.7438
16.7163	0.7454
16.7673	0.7471
16.8143	0.7485
16.864	0.7502
16.9127	0.7519
16.9613	0.7535
17.0076	0.755
17.0558	0.7567
17.106	0.7583
17.1539	0.76
17.2036	0.7615
17.2531	0.7631
17.3014	0.7648
17.3527	0.7665
17.4053	0.7681
17.4553	0.77
17.5085	0.7717
17.5614	0.7733
17.613	0.775
17.6649	0.7769
17.7195	0.7785
17.7775	0.7804
17.8286	0.7821
17.876	0.7838
17.9266	0.7854
17.9736	0.7869
18.0244	0.7885
18.0759	0.7902
18.1256	0.7919
18.1754	0.7935
18.2235	0.7952
18.2722	0.7967
18.3152	0.7983
18.3652	0.7998
18.4151	0.8015
18.4644	0.8031
18.5132	0.8048
18.5665	0.8065
18.619	0.8083
18.6722	0.81
18.7252	0.8117
18.7791	0.8135
18.8315	0.8152
18.8833	0.8169
18.9374	0.8188
18.9903	0.8204
19.0413	0.8221
19.0877	0.8238
19.1352	0.8252
19.1844	0.8269
19.2345	0.8288
19.2824	0.8304
19.33	0.8319
19.3791	0.8335
19.4273	0.8352
19.4761	0.8369
19.5256	0.8385
19.5726	0.84
19.6206	0.8417
19.6661	0.8433
19.7138	0.8448
19.7614	0.8465
19.8131	0.8481
19.8672	0.85
19.9188	0.8517
19.9691	0.8533
20.0216	0.8552
20.0743	0.8569
20.1282	0.8588
20.1798	0.8604
20.2296	0.8621
20.2777	0.8637
20.3238	0.8652
20.3704	0.8669
20.4207	0.8688
20.4721	0.8702
20.5176	0.8719
20.5645	0.8735
20.6107	0.875
20.6578	0.8767
20.7064	0.8783
20.7525	0.8798
20.7993	0.8815
20.8486	0.8831
20.8978	0.8848
20.9499	0.8865
21.0007	0.8883
21.0524	0.89
21.1019	0.8917
21.1497	0.8933
21.2035	0.895
21.2546	0.8969
21.3107	0.8985
21.3614	0.9004
21.4122	0.9021
21.4595	0.9038
21.5082	0.9052
21.5539	0.9069
21.6056	0.9085
21.6536	0.9102
21.7019	0.9119
21.75	0.9135
21.7951	0.9152
21.8457	0.9167
21.8959	0.9183
21.9381	0.92
21.984	0.9215
22.0313	0.9231
22.0799	0.9248
22.13	0.9265
22.1815	0.9281
22.2326	0.93
22.2832	0.9317
22.3336	0.9333
22.3826	0.935
22.4326	0.9369
22.4851	0.9385
22.536	0.9404
22.5893	0.9421
22.6386	0.9438
22.6845	0.9452
22.7297	0.9469
22.7786	0.9485
22.8263	0.9502
22.8737	0.9519
22.9198	0.9535
22.9653	0.955
23.0116	0.9567
23.0555	0.9583
23.1016	0.96
23.1475	0.9615
23.1917	0.9631
23.2426	0.9648
23.2913	0.9665
23.3434	0.9683
23.3926	0.97
23.443	0.9717
23.49	0.9735
23.5391	0.9752
23.5901	0.9769
23.6399	0.9788
23.6904	0.9804
23.7351	0.9821
23.7781	0.9835
23.8258	0.9852
23.8735	0.9869
23.9214	0.9888
23.9688	0.9904
24.0149	0.9919
24.0563	0.9935
24.102	0.9952
24.1484	0.9969
24.1941	0.9983
24.2413	1
24.2831	1.0017
24.3304	1.0033
24.3747	1.0048
24.4208	1.0065
24.4682	1.0083
24.5193	1.01
24.5668	1.0117
24.6142	1.0133
24.662	1.015
24.713	1.0169
24.7617	1.0188
24.8115	1.0204
24.8586	1.0221
24.9044	1.0235
24.9466	1.0252
24.9966	1.0269
25.0437	1.0285
25.0908	1.0302
25.1337	1.0319
25.18	1.0335
25.2264	1.035
25.2728	1.0367
25.3182	1.0383
25.3638	1.04
25.4098	1.0417
25.4568	1.0433
25.5023	1.045
25.5515	1.0467
25.599	1.0483
25.6491	1.05
25.6979	1.0517
25.7442	1.0533
25.7913	1.055
25.8411	1.0569
25.8891	1.0585
25.939	1.0604
25.9831	1.0621
26.0311	1.0635
26.0751	1.0652
26.1241	1.0669
26.1716	1.0688
26.2167	1.0702
26.2619	1.0719
26.3037	1.0735
26.3502	1.0752
26.3951	1.0767
26.4412	1.0783
26.4869	1.08
26.5318	1.0817
26.5752	1.0833
26.6212	1.085
26.6663	1.0867
26.7141	1.0883
26.7608	1.09
26.8081	1.0917
26.8512	1.0933
26.9032	1.095
26.95	1.0969
27.0011	1.0985
27.0448	1.1002
27.089	1.1019
27.1362	1.1035
27.1835	1.1052
27.2296	1.1069
27.2762	1.1085
27.322	1.1102
27.3609	1.1117
27.4047	1.1133
27.4513	1.115
27.4969	1.1167
27.5416	1.1183
27.5885	1.1198
27.634	1.1215
27.6786	1.1231
27.7248	1.1248
27.7737	1.1267
27.824	1.1283
27.8745	1.13
27.9204	1.1317
27.9677	1.1335
28.0145	1.1352
28.0633	1.1371
28.1084	1.1387
28.1548	1.1404
28.1995	1.1419
28.2409	1.1435
28.2849	1.1452
28.3293	1.1469
28.3733	1.1485
28.4136	1.15
28.4558	1.1517
28.4987	1.1531
28.5457	1.1548
28.592	1.1567
28.6376	1.1583
28.6828	1.16
28.7308	1.1617
28.7751	1.1633
28.8205	1.165
28.8666	1.1667
28.9136	1.1683
28.9596	1.17
29.007	1.1717
29.0516	1.1735
29.1017	1.1752
29.1503	1.1771
29.1974	1.1788
29.2367	1.1804
29.2792	1.1819
29.3251	1.1835
29.3652	1.1852
29.4109	1.1869
29.4521	1.1885
29.4983	1.19
29.5392	1.1917
29.5825	1.1933
29.6266	1.195
29.6725	1.1967
29.718	1.1983
29.7622	1.2
29.8041	1.2015
29.8499	1.2031
29.8963	1.205
29.9419	1.2067
29.9885	1.2083
30.0367	1.2102
30.0829	1.2119
30.1318	1.2135
30.1783	1.2154
30.2219	1.2171
30.2685	1.2188
30.3114	1.2202
30.3529	1.2219
30.3942	1.2235
30.4409	1.2252
30.485	1.2269
30.5264	1.2285
30.569	1.2302
30.6131	1.2317
30.6548	1.2333
30.6996	1.235
30.7425	1.2367
30.7872	1.2383
30.8264	1.24
30.8711	1.2415
30.9146	1.2431
30.96	1.2448
31.0082	1.2467
31.0603	1.2483
31.1068	1.2502
31.1511	1.2519
31.1999	1.2538
31.2452	1.2554
31.2899	1.2571
31.3332	1.2588
31.3752	1.2604
31.4188	1.2621
31.4613	1.2635
31.5032	1.2652
31.5486	1.2669
31.5915	1.2683
31.633	1.27
31.6765	1.2717
31.7246	1.2733
31.7703	1.275
31.8158	1.2767
31.8639	1.2783
31.9066	1.2798
31.9496	1.2815
31.9965	1.2831
32.0478	1.285
32.0936	1.2867
32.1483	1.2885
32.1945	1.2902
32.2419	1.2919
32.29	1.2938
32.3358	1.2954
32.3824	1.2971
32.4255	1.2988
32.4665	1.3002
32.5101	1.3019
32.5538	1.3035
32.5998	1.3052
32.643	1.3069
32.6823	1.3083
32.7232	1.31
32.7675	1.3115
32.8121	1.3133
32.8591	1.315
32.9033	1.3167
32.9483	1.3181
32.9914	1.3198
33.0332	1.3215
33.0796	1.3231
33.1231	1.325
33.1723	1.3267
33.2185	1.3283
33.2638	1.33
33.3071	1.3317
33.3536	1.3335
33.4021	1.3352
33.4518	1.3371
33.4948	1.3388
33.534	1.3402
33.5781	1.3419
33.6213	1.3435
33.6634	1.3452
33.706	1.3469
33.7458	1.3483
33.7842	1.35
33.8281	1.3517
33.8699	1.3531
33.9147	1.3548
33.958	1.3567
34.0025	1.3583
34.0437	1.3598
34.0862	1.3615
34.1307	1.3631
34.1767	1.365
34.2238	1.3667
34.2692	1.3685
34.3171	1.3702
34.3615	1.3721
34.4081	1.3738
34.451	1.3754
34.4926	1.3771
34.531	1.3788
34.5731	1.3802
34.6148	1.3821
34.6597	1.3837
34.7014	1.3852
34.7406	1.3869
34.7781	1.3883
34.8185	1.39
34.8599	1.3917
34.8988	1.3931
34.9428	1.3948
34.9842	1.3965
35.0267	1.3981
35.0673	1.3998
35.1132	1.4015
35.1554	1.4033
35.2018	1.405
35.2473	1.4069
35.2941	1.4085
35.3374	1.4102
35.3828	1.4119
35.4269	1.4138
35.4702	1.4154
35.5119	1.4171
35.552	1.4188
35.5946	1.4204
35.6347	1.4221
35.6766	1.4235
35.7164	1.4252
35.7579	1.4269
35.7946	1.4283
35.8343	1.4298
35.8775	1.4315
35.9213	1.4333
35.9614	1.4348
36.0053	1.4365
36.0463	1.4381
36.0887	1.4398
36.1294	1.4415
36.1749	1.4431
36.2181	1.445
36.2664	1.4467
36.3108	1.4485
36.3528	1.4502
36.3972	1.4519
36.4462	1.4538
36.4926	1.4554
36.5312	1.4571
36.5726	1.4588
36.6115	1.4604
36.6518	1.4619
36.6912	1.4635
36.7315	1.4652
36.7715	1.4669
36.8119	1.4683
36.8504	1.47
36.8904	1.4717
36.9276	1.4731
36.9725	1.4748
37.0155	1.4765
37.0533	1.4781
37.0947	1.4798
37.1369	1.4815
37.1797	1.4831
37.2267	1.485
37.2707	1.4869
37.3174	1.4885
37.3604	1.4902
37.405	1.4921
37.4488	1.4937
37.4898	1.4954
37.5311	1.4971
37.5709	1.4988
37.6126	1.5004
37.655	1.5021
37.6939	1.5038
37.7358	1.5052
37.7762	1.5069
37.8139	1.5083
37.8513	1.51
37.8908	1.5117
37.932	1.5131
37.9738	1.5148
38.0143	1.5165
38.0571	1.5181
38.098	1.5198
38.1417	1.5215
38.1844	1.5233
38.2287	1.525
38.2737	1.5267
38.3168	1.5285
38.36	1.5302
38.4047	1.5319
38.4474	1.5338
38.4914	1.5354
38.5331	1.5371
38.5723	1.5385
38.6114	1.5402
38.6529	1.5419
38.6952	1.5435
38.7345	1.5452
38.7746	1.5469
38.8096	1.5483
38.8456	1.55
38.8869	1.5517
38.926	1.5531
38.9661	1.5548
39.007	1.5565
39.0472	1.5581
39.0887	1.5598
39.1278	1.5615
39.17	1.5633
39.2137	1.565
39.2571	1.5667
39.2991	1.5683
39.3412	1.5702
39.3814	1.5719
39.4273	1.5735
39.4714	1.5754
39.5126	1.5771
39.5524	1.5788
39.5894	1.5804
39.6272	1.5819
39.6659	1.5835
39.704	1.5852
39.7425	1.5869
39.7794	1.5885
39.8179	1.5902
39.8563	1.5917
39.8926	1.5933
39.931	1.595
39.967	1.5965
40.0067	1.5981
40.0453	1.5998
40.0825	1.6015
40.1255	1.6033
40.1655	1.605
40.2064	1.6067
40.246	1.6083
40.286	1.61
40.3286	1.6119
40.373	1.6137
40.4107	1.6154
40.4478	1.6171
40.4816	1.6188
40.5159	1.6202
40.5513	1.6219
40.5896	1.6235
40.6254	1.6252
40.6618	1.6269
40.6928	1.6285
40.7258	1.6302
40.757	1.6317
40.7905	1.6333
40.8246	1.6348
40.8588	1.6365
40.8904	1.6381
40.9275	1.6398
40.9647	1.6417
41.0012	1.6433
41.0361	1.645
41.0695	1.6467
41.102	1.6485
41.1342	1.6502
41.1712	1.6521
41.2058	1.6538
41.2406	1.6554
41.2702	1.6571
41.2982	1.6585
41.3308	1.6602
41.3692	1.6621
41.4038	1.6635
41.4361	1.6652
41.4718	1.6669
41.5047	1.6685
41.5421	1.6702
41.5739	1.6717
41.6106	1.6733
41.644	1.675
41.677	1.6765
41.7106	1.6781
41.7479	1.6798
41.7841	1.6815
41.8219	1.6833
41.861	1.685
41.8986	1.6867
41.9373	1.6883
41.9754	1.6902
42.0169	1.6919
42.059	1.6938
42.0972	1.6954
42.1313	1.6971
42.1653	1.6985
42.2021	1.7002
42.2428	1.7021
42.2816	1.7038
42.3194	1.7052
42.3532	1.7069
42.388	1.7085
42.4271	1.71
42.4639	1.7117
42.5002	1.7133
42.5375	1.715
42.5715	1.7165
42.6077	1.7181
42.6456	1.7198
42.6882	1.7217
42.7269	1.7233
42.7669	1.725
42.8034	1.7267
42.8445	1.7283
42.8877	1.7302
42.9313	1.7321
42.9734	1.7338
43.0115	1.7354
43.0476	1.7371
43.0808	1.7385
43.1156	1.7402
43.1524	1.7419
43.1888	1.7435
43.2287	1.7452
43.2623	1.7467
43.2969	1.7483
43.3332	1.75
43.3697	1.7517
43.4049	1.7533
43.4407	1.7548
43.4724	1.7565
43.511	1.7581
43.5503	1.7598
43.5921	1.7617
43.6292	1.7633
43.6722	1.765
43.7095	1.7669
43.7503	1.7685
43.7897	1.7702
43.8307	1.7721
43.8695	1.7738
43.9067	1.7754
43.9429	1.7771
43.9796	1.7785
44.0131	1.7802
44.0523	1.7819
44.0903	1.7835
44.1285	1.7852
44.1639	1.7869
44.199	1.7885
44.2355	1.7902
44.2723	1.7917
44.3077	1.7933
44.3432	1.795
44.3758	1.7965
44.4141	1.7981
44.4513	1.7998
44.4904	1.8017
44.5289	1.8033
44.5696	1.805
44.6065	1.8069
44.646	1.8085
44.686	1.8102
44.7241	1.8121
44.7625	1.8138
44.8005	1.8154
44.8342	1.8169
44.8695	1.8185
44.9065	1.8204
44.9458	1.8221
44.9821	1.8238
45.0143	1.8252
45.0488	1.8269
45.0814	1.8285
45.1196	1.8302
45.1519	1.8317
45.1889	1.8333
45.2224	1.835
45.2576	1.8367
45.291	1.8381
45.327	1.8398
45.3675	1.8415
45.4053	1.8433
45.4435	1.845
45.4804	1.8467
45.517	1.8483
45.5582	1.8502
45.5995	1.8519
45.6351	1.8538
45.6749	1.8554
45.7092	1.8571
45.7432	1.8585
45.7802	1.8602
45.8168	1.8619
45.8528	1.8635
45.8873	1.8652
45.9191	1.8669
45.9548	1.8683
45.9904	1.87
46.0249	1.8717
46.0597	1.8733
46.0946	1.875
46.1308	1.8765
46.1641	1.8781
46.2	1.8798
46.2376	1.8817
46.2774	1.8833
46.315	1.885
46.3523	1.8867
46.3879	1.8885
46.429	1.8902
46.4683	1.8921
46.5042	1.8938
46.5386	1.8954
46.5708	1.8969
46.6079	1.8985
46.6433	1.9002
46.6762	1.9019
46.713	1.9035
46.7463	1.9052
46.7786	1.9069
46.8117	1.9085
46.8475	1.91
46.8827	1.9117
46.9139	1.9133
46.9498	1.915
46.9854	1.9167
47.0185	1.9183
47.0533	1.92
47.0916	1.9217
47.1243	1.9233
47.1573	1.925
47.1929	1.9267
47.2302	1.9283
47.2671	1.9302
47.3053	1.9319
47.3419	1.9335
47.3742	1.9352
47.4066	1.9369
47.4439	1.9385
47.4766	1.9402
47.5072	1.9419
47.543	1.9435
47.5719	1.945
47.6008	1.9467
47.6341	1.9483
47.669	1.95
47.7023	1.9517
47.7373	1.9533
47.7687	1.9548
47.803	1.9565
47.8387	1.9581
47.8723	1.96
47.9081	1.9617
47.9432	1.9633
47.9766	1.965
48.0102	1.9667
48.0486	1.9683
48.0845	1.9702
48.1225	1.9721
48.1575	1.9738
48.1878	1.9754
48.2181	1.9769
48.2499	1.9785
48.2842	1.9802
48.3161	1.9819
48.3489	1.9835
48.3772	1.985
48.4059	1.9867
48.441	1.9883
48.4721	1.99
48.5035	1.9917
48.5376	1.9933
48.5695	1.995
48.6016	1.9967
48.6323	1.9983
48.6666	2
48.7032	2.0017
48.735	2.0033
48.7668	2.005
48.8007	2.0067
48.8355	2.0085
48.8709	2.0102
48.9077	2.0121
48.9404	2.0138
48.9705	2.0154
49.002	2.0169
49.032	2.0185
49.0652	2.0202
49.0946	2.0219
49.125	2.0235
49.1532	2.025
49.1849	2.0267
49.2183	2.0283
49.2487	2.03
49.2788	2.0317
49.312	2.0333
49.3419	2.035
49.3703	2.0367
49.4026	2.0383
49.4352	2.04
49.4684	2.0417
49.5039	2.0435
49.5341	2.0452
49.5695	2.0469
49.6005	2.0485
49.6316	2.0504
49.6618	2.0521
49.6926	2.0535
49.7215	2.0552
49.7523	2.0569
49.784	2.0585
49.8134	2.0602
49.8411	2.0619
49.87	2.0635
49.8971	2.065
49.9279	2.0667
49.9605	2.0683
49.9907	2.07
50.019	2.0717
50.0474	2.0733
50.0754	2.0748
50.1056	2.0765
50.137	2.0783
50.1695	2.08
50.2019	2.0817
50.2346	2.0835
50.2677	2.0852
50.3001	2.0869
50.3298	2.0888
50.361	2.0904
50.3917	2.0921
50.4193	2.0938
50.4493	2.0952
50.4788	2.0969
50.5073	2.0985
50.5345	2.1002
50.5616	2.1017
50.5906	2.1033
50.6172	2.105
50.645	2.1067
50.6785	2.1083
50.7036	2.11
50.7343	2.1117
50.7613	2.1133
50.7857	2.1148
50.8188	2.1165
50.8472	2.1183
50.8803	2.12
50.9082	2.1219
50.9437	2.1235
50.9713	2.1252
51.0026	2.1269
51.03	2.1288
51.0593	2.1304
51.0903	2.1319
51.1144	2.1335
51.1429	2.1352
51.1715	2.1369
51.2024	2.1385
51.2285	2.1402
51.2518	2.1417
51.2783	2.1433
51.3061	2.145
51.3341	2.1467
51.3639	2.1483
51.391	2.15
51.4194	2.1517
51.4474	2.1533
51.474	2.1548
51.5022	2.1565
51.5309	2.1583
51.5593	2.16
51.5928	2.1617
51.6202	2.1633
51.6488	2.1652
51.6784	2.1669
51.7111	2.1688
51.7391	2.1704
51.7656	2.1719
51.7904	2.1735
51.8165	2.1752
51.843	2.1769
51.8724	2.1785
51.8959	2.1802
51.9225	2.1817
51.9466	2.1833
51.9748	2.185
52.0013	2.1865
52.0282	2.1881
52.0587	2.19
52.0857	2.1917
52.1109	2.1931
52.1366	2.1948
52.1655	2.1965
52.1958	2.1983
52.2257	2.2
52.2557	2.2019
52.2859	2.2035
52.315	2.2054
52.3425	2.2071
52.3683	2.2088
52.3937	2.2104
52.4192	2.2119
52.4423	2.2135
52.4688	2.2152
52.4964	2.2169
52.5226	2.2185
52.5453	2.2202
52.5709	2.2217
52.5937	2.2233
52.6194	2.225
52.6432	2.2265
52.672	2.2281
52.6968	2.2298
52.7228	2.2315
52.7496	2.2331
52.7758	2.235
52.8037	2.2367
52.8334	2.2383
52.8602	2.2402
52.8911	2.2421
52.9186	2.2438
52.9432	2.2454
52.9684	2.2471
52.995	2.2487
53.0178	2.2504
53.0395	2.2519
53.0652	2.2535
53.0885	2.2552
53.1137	2.2569
53.1375	2.2583
53.1592	2.26
53.1817	2.2615
53.2037	2.2631
53.2288	2.2648
53.2551	2.2667
53.2802	2.2683
53.3067	2.2698
53.3305	2.2715
53.3562	2.2731
53.3781	2.2748
53.4066	2.2767
53.4343	2.2783
53.4605	2.2802
53.4858	2.2819
53.5102	2.2835
53.5371	2.2854
53.5609	2.2871
53.5862	2.2888
53.6079	2.2904
53.6298	2.2921
53.649	2.2935
53.6718	2.2952
53.6934	2.2969
53.7142	2.2983
53.7367	2.3
53.756	2.3015
53.7782	2.3031
53.8018	2.3048
53.8246	2.3065
53.85	2.3083
53.8696	2.31
53.8931	2.3117
53.9154	2.3131
53.9352	2.3148
53.9591	2.3167
53.9845	2.3183
54.0115	2.3202
54.0348	2.3219
54.0592	2.3238
54.083	2.3254
54.1055	2.3271
54.1277	2.3288
54.1467	2.3304
54.1656	2.3321
54.1865	2.3338
54.2078	2.3352
54.2262	2.3369
54.2478	2.3385
54.266	2.3402
54.2847	2.3417
54.3025	2.3433
54.3239	2.3448
54.3432	2.3465
54.364	2.3481
54.3828	2.3498
54.4048	2.3515
54.4243	2.3531
54.4449	2.355
54.4666	2.3567
54.4888	2.3583
54.5089	2.3602
54.5297	2.3619
54.5507	2.3635
54.5692	2.3654
54.5857	2.3671
54.603	2.3688
54.6158	2.3704
54.628	2.3719
54.6409	2.3735
54.6483	2.3752
54.6547	2.3769
54.6531	2.3785
54.6415	2.38
54.61	2.3815
54.5511	2.3831
54.0458	2.3848
54.0852	2.3865
54.0957	2.3881
54.118	2.3898
54.1428	2.3917
54.1676	2.3931
54.1919	2.3948
54.2183	2.3967
54.2462	2.3983
54.2747	2.4
54.3063	2.4019
54.3325	2.4035
54.3572	2.4054
54.3848	2.4071
54.4109	2.4088
54.4323	2.4104
54.4562	2.4121
54.4753	2.4138
54.4974	2.4152
54.5198	2.4169
54.541	2.4185
54.5618	2.42
54.5823	2.4215
54.604	2.4231
54.6296	2.425
54.6526	2.4265
54.6765	2.4281
54.6994	2.4298
54.7214	2.4315
54.7471	2.4331
54.7682	2.4348
54.795	2.4367
54.8171	2.4383
54.8415	2.44
54.8654	2.4417
54.8901	2.4435
54.9173	2.4454
54.9441	2.4471
54.9656	2.449
54.988	2.4504
55.0089	2.4521
55.0283	2.4537
55.0498	2.4554
55.0724	2.4569
55.095	2.4585
55.1165	2.4602
55.1369	2.4617
55.1572	2.4633
55.1769	2.4648
55.1968	2.4665
55.2205	2.4681
55.24	2.4698
55.2644	2.4715
55.2862	2.4731
55.3118	2.4748
55.3332	2.4767
55.3608	2.4783
55.3809	2.4802
55.4051	2.4819
55.4272	2.4835
55.4525	2.4854
55.4784	2.4871
55.4995	2.489
55.5153	2.4904
55.5359	2.4921
55.5563	2.4938
55.5776	2.4954
55.5976	2.4971
55.6165	2.4985
55.6363	2.5002
55.6555	2.5019
55.6704	2.5033
55.692	2.505
55.7115	2.5067
55.7303	2.5081
55.7518	2.5098
55.7705	2.5115
55.7903	2.5131
55.813	2.5148
55.8356	2.5167
55.8566	2.5183
55.8808	2.52
55.9037	2.5219
55.9285	2.5235
55.954	2.5254
55.9761	2.5271
55.9986	2.5288
56.0177	2.5304
56.0382	2.5319
56.0601	2.5338
56.0868	2.5354
56.1047	2.5371
56.1253	2.5385
56.1454	2.5402
56.1669	2.5417
56.1863	2.5433
56.2072	2.545
56.226	2.5465
56.2469	2.5481
56.2713	2.5498
56.2928	2.5515
56.3162	2.5531
56.3433	2.555
56.3665	2.5567
56.3889	2.5583
56.4102	2.56
56.4337	2.5617
56.4611	2.5635
56.4876	2.5654
56.5118	2.5671
56.5303	2.5688
56.5518	2.5704
56.5713	2.5719
56.5935	2.5735
56.6139	2.5752
56.6407	2.5769
56.6597	2.5785
56.6792	2.5802
56.7015	2.5817
56.722	2.5833
56.7424	2.585
56.7609	2.5865
56.7818	2.5881
56.8045	2.5898
56.828	2.5915
56.8517	2.5931
56.8749	2.5948
56.9001	2.5967
56.9244	2.5983
56.9481	2.6
56.9731	2.6019
56.9939	2.6035
57.0208	2.6054
57.0448	2.6071
57.0654	2.6088
57.0847	2.6104
57.1069	2.6121
57.1246	2.6135
57.1494	2.6154
57.1718	2.6171
57.1919	2.6185
57.2116	2.6202
57.2327	2.6219
57.2528	2.6235
57.2746	2.6252
57.293	2.6267
57.3128	2.6283
57.3313	2.6298
57.3524	2.6315
57.3765	2.6331
57.4003	2.6348
57.4243	2.6367
57.4489	2.6383
57.4714	2.64
57.4941	2.6419
57.5152	2.6435
57.5396	2.6454
57.5634	2.6471
57.5839	2.6488
57.604	2.6504
57.6233	2.6519
57.6444	2.6538
57.6675	2.6554
57.6864	2.6571
57.7076	2.6585
57.726	2.6602
57.747	2.6619
57.7673	2.6635
57.789	2.665
57.8066	2.6667
57.8269	2.6683
57.8468	2.67
57.865	2.6715
57.8841	2.6731
57.9069	2.6748
57.9301	2.6767
57.95	2.6783
57.9706	2.68
57.9901	2.6817
58.0172	2.6835
58.0387	2.6854
58.0601	2.6871
58.08	2.6888
58.0976	2.6904
58.1158	2.6919
58.1356	2.6935
58.1577	2.6954
58.1768	2.6969
58.1932	2.6985
58.2115	2.7002
58.2296	2.7019
58.2505	2.7033
58.2686	2.705
58.288	2.7067
58.309	2.7083
58.3262	2.7098
58.3437	2.7115
58.3632	2.7131
58.385	2.715
58.4069	2.7167
58.4298	2.7183
58.4487	2.72
58.4678	2.7217
58.4875	2.7235
58.5111	2.7252
58.5322	2.7271
58.5509	2.7287
58.5675	2.7302
58.5815	2.7319
58.5999	2.7335
58.6179	2.7352
58.6353	2.7369
58.6517	2.7385
58.6679	2.74
58.6882	2.7419
58.7059	2.7433
58.7236	2.745
58.7405	2.7467
58.7588	2.7483
58.7773	2.75
58.7964	2.7515
58.8107	2.7531
58.8294	2.7548
58.8526	2.7567
58.8683	2.7583
58.8876	2.76
58.9087	2.7617
58.9291	2.7635
58.9498	2.7652
58.9687	2.7669
58.985	2.7685
59.0035	2.7702
59.0235	2.7721
59.0417	2.7735
59.0588	2.7752
59.075	2.7769
59.0911	2.7785
59.106	2.78
59.1241	2.7817
59.1409	2.7833
59.1609	2.785
59.1781	2.7867
59.1951	2.7883
59.2116	2.7898
59.2326	2.7915
59.2491	2.7931
59.2702	2.795
59.2899	2.7967
59.3032	2.7983
59.321	2.8
59.3413	2.8017
59.361	2.8035
59.3814	2.8052
59.3994	2.8071
59.417	2.8088
59.4338	2.8102
59.4479	2.8119
59.467	2.8135
59.4843	2.8152
59.4992	2.8169
59.5136	2.8183
59.5284	2.82
59.5472	2.8217
59.5665	2.8233
59.5815	2.825
59.5978	2.8267
59.6149	2.8283
59.6325	2.83
59.6468	2.8317
59.6674	2.8333
59.6833	2.835
59.6985	2.8367
59.7142	2.8383
59.7324	2.84
59.7483	2.8417
59.7695	2.8435
59.7878	2.8452
59.8044	2.8469
59.8233	2.8485
59.8349	2.8502
59.8508	2.8519
59.8681	2.8535
59.8858	2.8552
59.8992	2.8569
59.9135	2.8583
59.9295	2.8602
59.9478	2.8619
59.9636	2.8635
59.9809	2.8652
59.9966	2.8669
60.0084	2.8685
60.0244	2.87
60.0397	2.8717
60.0572	2.8733
60.0744	2.8752
60.0933	2.8769
60.1087	2.8785
60.125	2.8802
60.1391	2.8819
60.1543	2.8835
60.1709	2.8852
60.1862	2.8869
60.1983	2.8885
60.216	2.8902
60.2299	2.8919
60.2441	2.8935
60.2614	2.8952
60.2699	2.8969
60.2831	2.8983
60.2968	2.9
60.3134	2.9017
60.327	2.9033
60.3412	2.905
60.3547	2.9067
60.367	2.9083
60.3808	2.9098
60.3973	2.9117
60.4118	2.9133
60.4318	2.9152
60.4484	2.9169
60.4653	2.9185
60.4781	2.9202
60.4939	2.9219
60.5108	2.9238
60.5283	2.9254
60.5413	2.9271
60.5561	2.9285
60.5698	2.9302
60.5838	2.9319
60.5991	2.9335
60.6108	2.9352
60.6234	2.9367
60.6391	2.9383
60.6538	2.94
60.6686	2.9417
60.6808	2.9433
60.6969	2.945
60.713	2.9467
60.724	2.9481
60.7398	2.9498
60.7562	2.9517
60.7744	2.9533
60.7904	2.9552
60.8078	2.9569
60.8218	2.9585
60.8376	2.9602
60.8509	2.9621
60.8661	2.9638
60.8804	2.9652
60.8928	2.9669
60.9071	2.9685
60.9215	2.9702
60.9376	2.9719
60.9532	2.9735
60.9636	2.975
60.9759	2.9767
60.9909	2.9783
61.0028	2.98
61.0209	2.9817
61.0362	2.9833
61.0489	2.985
61.0596	2.9867
61.0753	2.9881
61.0871	2.9898
61.1034	2.9915
61.1175	2.9933
61.1316	2.995
61.1443	2.9967
61.1603	2.9983
61.1744	3.0002
61.1904	3.0019
61.2055	3.0035
61.216	3.0052
61.2257	3.0069
61.2369	3.0085
61.2504	3.0102
61.2595	3.0117
61.2702	3.0133
61.2744	3.015
61.2786	3.0165
61.2858	3.0181
61.3012	3.0198
61.3115	3.0217
61.3212	3.0233
61.3338	3.025
61.3455	3.0267
61.3545	3.0281
61.3656	3.0298
61.3801	3.0317
61.3946	3.0333
61.4088	3.0352
61.4215	3.0369
61.4355	3.0387
61.4474	3.0404
61.4577	3.0421
61.4661	3.0438
61.4769	3.0452
61.4861	3.0469
61.4964	3.0485
61.5095	3.0502
61.5215	3.0519
61.5312	3.0535
61.5379	3.055
61.549	3.0567
61.5605	3.0583
61.5706	3.0598
61.5831	3.0615
61.5945	3.0633
61.6059	3.0648
61.6172	3.0665
61.6262	3.0683
61.6381	3.07
61.6496	3.0717
61.664	3.0735
61.6781	3.0752
61.6896	3.0771
61.6989	3.0788
61.7117	3.0804
61.7232	3.0821
61.732	3.0838
61.7397	3.0854
61.7478	3.0869
61.7569	3.0885
61.7674	3.0902
61.7774	3.0917
61.7875	3.0933
61.794	3.0948
61.8031	3.0965
61.8149	3.0981
61.8284	3.0998
61.8373	3.1017
61.845	3.1031
61.8569	3.1048
61.8647	3.1065
61.8754	3.1081
61.8882	3.11
61.9019	3.1117
61.9116	3.1135
61.9244	3.1152
61.9346	3.1169
61.9473	3.1188
61.96	3.1204
61.9699	3.1221
61.9776	3.1238
61.9848	3.1254
61.9897	3.1271
62.0021	3.1285
62.009	3.1302
62.0157	3.1319
62.0244	3.1333
62.0298	3.135
62.0388	3.1365
62.0466	3.1381
62.0582	3.1398
62.0666	3.1417
62.0784	3.1431
62.0862	3.1448
62.0956	3.1465
62.1028	3.1481
62.1145	3.1498
62.1262	3.1517
62.1393	3.1535
62.1474	3.1552
62.1572	3.1571
62.1678	3.1588
62.175	3.1604
62.1815	3.1621
62.1922	3.1637
62.1974	3.1654
62.2042	3.1671
62.213	3.1685
62.2175	3.1702
62.2251	3.1719
62.2303	3.1733
62.2367	3.175
62.2404	3.1765
62.2506	3.1781
62.2585	3.1798
62.2657	3.1815
62.2711	3.1831
62.2801	3.1848
62.2892	3.1865
62.295	3.1881
62.3017	3.19
62.3127	3.1917
62.3207	3.1933
62.3303	3.1952
62.3371	3.1969
62.3453	3.1985
62.3556	3.2004
62.3613	3.2021
62.3671	3.2038
62.3694	3.2052
62.3781	3.2069
62.3826	3.2085
62.3887	3.2102
62.3939	3.2119
62.3965	3.2133
62.3998	3.2148
62.406	3.2165
62.4119	3.2181
62.4193	3.2198
62.4261	3.2215
62.4306	3.2231
62.4371	3.2248
62.442	3.2265
62.4506	3.2281
62.4558	3.23
62.4647	3.2317
62.4711	3.2333
62.4798	3.2352
62.4844	3.2369
62.4906	3.2388
62.4976	3.2404
62.5038	3.2421
62.5075	3.2438
62.5114	3.2454
62.5166	3.2471
62.5191	3.2485
62.5231	3.2502
62.5248	3.2519
62.528	3.2533
62.5327	3.255
62.5365	3.2565
62.5445	3.2581
62.5519	3.2598
62.5558	3.2615
62.5616	3.2631
62.5694	3.2648
62.5771	3.2665
62.5793	3.2681
62.5897	3.27
62.5956	3.2717
62.6026	3.2733
62.6074	3.2752
62.6137	3.2769
62.6238	3.2787
62.6324	3.2806
62.6359	3.2823
62.6415	3.2838
62.6464	3.2854
62.6465	3.2869
62.6523	3.2885
62.6565	3.2902
62.6626	3.2919
62.6677	3.2935
62.6696	3.295
62.672	3.2967
62.6747	3.2981
62.6782	3.2998
62.6839	3.3015
62.6865	3.3031
62.6922	3.3048
62.6977	3.3065
62.7042	3.3083
62.7106	3.31
62.7174	3.3117
62.7215	3.3135
62.7285	3.3152
62.7336	3.3171
62.7366	3.3188
62.7398	3.3204
62.7444	3.3221
62.7463	3.3238
62.7485	3.3254
62.7513	3.3269
62.7572	3.3288
62.7577	3.3304
62.7608	3.3319
62.7641	3.3335
62.7662	3.335
62.7669	3.3367
62.7693	3.3383
62.7724	3.34
62.7757	3.3415
62.7792	3.3431
62.7817	3.3448
62.7855	3.3465
62.7883	3.3481
62.7944	3.35
62.7969	3.3517
62.801	3.3533
62.8047	3.3552
62.8079	3.3569
62.8111	3.3588
62.8171	3.3604
62.8161	3.3621
62.8172	3.3638
62.8156	3.3652
62.8154	3.3669
62.8202	3.3688
62.8203	3.3704
62.8224	3.3719
62.8205	3.3735
62.8209	3.375
62.8214	3.3767
62.8218	3.3783
62.8227	3.3798
62.8229	3.3815
62.8261	3.3831
62.8277	3.3848
62.8294	3.3865
62.8346	3.3883
62.838	3.39
62.8362	3.3917
62.8371	3.3933
62.843	3.395
62.8482	3.3969
62.8528	3.3988
62.8559	3.4004
62.8571	3.4021
62.8569	3.4037
62.8562	3.4052
62.8579	3.4069
62.8582	3.4085
62.8607	3.4102
62.8592	3.4119
62.8582	3.4135
62.8584	3.4152
62.8594	3.4167
62.86	3.4183
62.8576	3.4198
62.8573	3.4215
62.8558	3.4231
62.8585	3.4248
62.858	3.4265
62.8628	3.4281
62.8639	3.43
62.8658	3.4317
62.8652	3.4333
62.8648	3.4352
62.8655	3.4369
62.8668	3.4388
62.8687	3.4404
62.8667	3.4421
62.8627	3.4438
62.8628	3.4454
62.8631	3.4469
62.8623	3.4485
62.865	3.4504
62.8633	3.4519
62.8623	3.4535
62.8586	3.4552
62.8587	3.4569
62.8572	3.4585
62.8567	3.46
62.8506	3.4617
62.8491	3.4631
62.849	3.4648
62.8515	3.4665
62.8511	3.4683
62.8572	3.47
62.8546	3.4717
62.8544	3.4733
62.8531	3.475
62.8543	3.4769
62.8562	3.4785
62.8566	3.4804
62.8588	3.4821
62.8551	3.4838
62.8535	3.4852
62.8509	3.4871
62.8521	3.4888
62.8532	3.4904
62.8476	3.4919
62.8471	3.4935
62.8437	3.4952
62.8417	3.4969
62.8411	3.4985
62.8389	3.5
62.8375	3.5017
62.8349	3.5033
62.8326	3.5048
62.8301	3.5065
62.8302	3.5081
62.832	3.51
62.8298	3.5117
62.8288	3.5133
62.8297	3.515
62.8297	3.5169
62.8316	3.5188
62.8311	3.5204
62.8284	3.5221
62.8249	3.5238
62.8222	3.5252
62.8208	3.5269
62.8211	3.5285
62.8207	3.5302
62.8167	3.5319
62.8128	3.5335
62.8112	3.5352
62.8113	3.5369
62.8095	3.5385
62.8103	3.54
62.8071	3.5417
62.8039	3.5433
62.8021	3.545
62.8012	3.5467
62.801	3.5483
62.7992	3.55
62.7974	3.5517
62.7942	3.5533
62.7924	3.555
62.7932	3.5569
62.7941	3.5585
62.7928	3.5604
62.7921	3.5621
62.7895	3.5635
62.7842	3.5652
62.7817	3.5669
62.7808	3.5688
62.7787	3.5702
62.7745	3.5719
62.7697	3.5735
62.7656	3.5752
62.7642	3.5767
62.7606	3.5783
62.7583	3.58
62.7541	3.5817
62.7508	3.5833
62.7455	3.585
62.7429	3.5867
62.7432	3.5883
62.7438	3.59
62.737	3.5917
62.7377	3.5933
62.7372	3.595
62.7363	3.5969
62.7363	3.5985
62.7347	3.6002
62.7309	3.6019
62.7286	3.6035
62.7309	3.6052
62.7234	3.6069
62.7225	3.6085
62.7221	3.6102
62.715	3.6119
62.7144	3.6133
62.7099	3.615
62.7067	3.6167
62.7076	3.6183
62.7009	3.62
62.7	3.6217
62.6972	3.6231
62.6942	3.6248
62.6914	3.6265
62.692	3.6283
62.688	3.63
62.6825	3.6317
62.6844	3.6333
62.6817	3.635
62.6807	3.6369
62.6762	3.6385
62.6765	3.6402
62.6736	3.6421
62.6709	3.6435
62.6632	3.6452
62.6607	3.6469
62.6573	3.6485
62.6523	3.6502
62.6461	3.6517
62.6432	3.6533
62.6391	3.655
62.6365	3.6567
62.6343	3.6583
62.6315	3.66
62.6277	3.6617
62.6252	3.6633
62.6219	3.665
62.6201	3.6667
62.6172	3.6683
62.6118	3.67
62.6114	3.6717
62.6078	3.6735
62.6087	3.6752
62.6058	3.6771
62.6029	3.6788
62.5989	3.6804
62.5936	3.6821
62.5889	3.6835
62.5851	3.6852
62.5808	3.6869
62.5798	3.6885
62.5745	3.6902
62.5695	3.6917
62.5675	3.6933
62.5646	3.695
62.5621	3.6969
62.5591	3.6985
62.5536	3.7
62.5501	3.7017
62.5453	3.7033
62.543	3.705
62.5396	3.7067
62.5382	3.7083
62.5355	3.7102
62.5343	3.7119
62.531	3.7135
62.5291	3.7152
62.5257	3.7169
62.5205	3.7185
62.5142	3.7202
62.5097	3.7219
62.5059	3.7235
62.5025	3.7252
62.4982	3.7269
62.4949	3.7285
62.4874	3.73
62.4819	3.7317
62.4777	3.7333
62.4747	3.735
62.4718	3.7367
62.4688	3.7383
62.461	3.74
62.4584	3.7415
62.4539	3.7431
62.4512	3.7448
62.4496	3.7467
62.4463	3.7483
62.4415	3.7502
62.4396	3.7519
62.4346	3.7538
62.4323	3.7554
62.4291	3.7571
62.4223	3.7588
62.4203	3.7604
62.4147	3.7619
62.412	3.7635
62.4072	3.7652
62.4027	3.7669
62.3951	3.7685
62.3906	3.77
62.3876	3.7717
62.3849	3.7733
62.3821	3.775
62.3779	3.7767
62.3732	3.7783
62.3685	3.78
62.3626	3.7815
62.3601	3.7831
62.3571	3.785
62.3551	3.7867
62.3543	3.7885
62.3517	3.7902
62.3481	3.7921
62.343	3.7935
62.3387	3.7954
62.3344	3.7971
62.3276	3.7985
62.3195	3.8002
62.3163	3.8019
62.3135	3.8035
62.3089	3.8052
62.3046	3.8067
62.2973	3.8083
62.2908	3.8098
62.285	3.8115
62.2851	3.8133
62.2824	3.815
62.2749	3.8167
62.2696	3.8183
62.2653	3.8198
62.2602	3.8215
62.2561	3.8231
62.2526	3.825
62.2492	3.8267
62.2439	3.8283
62.2379	3.83
62.2329	3.8317
62.2306	3.8335
62.2261	3.8354
62.2205	3.8371
62.2095	3.8388
62.201	3.8402
62.1887	3.8419
62.1377	3.8435
62.1242	3.8452
62.1197	3.8467
62.1102	3.8483
62.1021	3.8498
62.0977	3.8515
62.0919	3.8531
62.0877	3.8548
62.0828	3.8567
62.0767	3.8583
62.0699	3.8598
62.0617	3.8615
62.0571	3.8631
62.0531	3.865
62.0503	3.8667
62.0456	3.8685
62.0409	3.8702
62.0376	3.8721
62.0311	3.8738
62.0223	3.8754
62.0163	3.8771
62.008	3.8788
62.0006	3.8802
61.9967	3.8819
61.9901	3.8835
61.9858	3.8852
61.9784	3.8869
61.9698	3.8883
61.962	3.89
61.9586	3.8917
61.9533	3.8931
61.9474	3.8948
61.9453	3.8965
61.9377	3.8981
61.9329	3.8998
61.928	3.9015
61.9215	3.9033
61.9209	3.905
61.9162	3.9069
61.9142	3.9085
61.9099	3.9104
61.9038	3.9121
61.8999	3.9138
61.8937	3.9154
61.8872	3.9171
61.8806	3.9188
61.8752	3.9204
61.8691	3.9219
61.8645	3.9235
61.8553	3.9252
61.8516	3.9267
61.8457	3.9283
61.8382	3.9298
61.8359	3.9315
61.8316	3.9331
61.8285	3.9348
61.8213	3.9365
61.8152	3.9381
61.8099	3.9398
61.8045	3.9415
61.7996	3.9433
61.7954	3.945
61.7925	3.9469
61.7878	3.9485
61.7805	3.9502
61.781	3.9521
61.775	3.9538
61.7675	3.9554
61.7612	3.9571
61.7541	3.9588
61.7411	3.9604
61.7344	3.9619
61.7271	3.9635
61.721	3.965
61.7143	3.9667
61.7063	3.9681
61.6998	3.9698
61.6933	3.9715
61.6855	3.9731
61.6792	3.975
61.671	3.9767
61.6609	3.9781
61.6513	3.9798
61.6425	3.9815
61.6403	3.9833
61.6345	3.985
61.6319	3.9869
61.6243	3.9885
61.6163	3.9904
61.6116	3.9921
61.6027	3.9938
61.5941	3.9954
61.5832	3.9971
61.5759	3.9988
61.5684	4.0004
61.5608	4.0019
61.5504	4.0035
61.5436	4.0052
61.5358	4.0067
61.5256	4.0083
61.5196	4.0098
61.5115	4.0115
61.5068	4.0131
61.5005	4.0148
61.4923	4.0165
61.4878	4.0181
61.4808	4.0198
61.474	4.0215
61.471	4.0233
61.4673	4.025
61.4622	4.0269
61.455	4.0285
61.4501	4.0302
61.4441	4.0321
61.437	4.0338
61.4297	4.0354
61.4226	4.0371
61.413	4.0388
61.4066	4.0402
61.4015	4.0421
61.3935	4.0435
61.3833	4.0452
61.3735	4.0467
61.3645	4.0483
61.356	4.0498
61.3495	4.0515
61.3436	4.0531
61.3364	4.0548
61.3296	4.0565
61.3247	4.0581
61.3166	4.0598
61.3085	4.0615
61.3023	4.0633
61.2954	4.065
61.288	4.0667
61.2822	4.0685
61.2755	4.0702
61.2703	4.0719
61.2647	4.0738
61.2558	4.0754
61.2482	4.0771
61.2394	4.0788
61.2329	4.0804
61.2234	4.0821
61.2169	4.0835
61.2099	4.0852
61.2005	4.0867
61.1904	4.0883
61.1848	4.0898
61.1769	4.0915
61.1713	4.0931
61.1652	4.0948
61.1577	4.0965
61.1491	4.0981
61.1442	4.0998
61.1361	4.1017
61.1313	4.1033
61.1247	4.105
61.1189	4.1069
61.1124	4.1085
61.1098	4.1102
61.1039	4.1121
61.0975	4.114
61.0924	4.1156
61.0796	4.1173
61.0717	4.1188
61.0615	4.1202
61.0573	4.1219
61.0509	4.1235
61.0457	4.1252
61.0357	4.1269
61.0277	4.1283
61.0204	4.1298
61.0131	4.1315
61.009	4.1331
61.0037	4.1348
60.9972	4.1365
60.9918	4.1381
60.984	4.1398
60.9797	4.1415
60.9735	4.1433
60.9693	4.145
60.9612	4.1469
60.9541	4.1485
60.9492	4.1504
60.9465	4.1521
60.9371	4.1538
60.9287	4.1554
60.9197	4.1571
60.9071	4.1588
60.9012	4.1602
60.895	4.1621
60.8877	4.1638
60.8768	4.1652
60.8705	4.1669
60.8613	4.1683
60.8525	4.17
60.8407	4.1717
60.8362	4.1733
60.827	4.1748
60.8191	4.1765
60.8116	4.1781
60.8014	4.1798
60.7963	4.1815
60.7885	4.1833
60.7826	4.185
60.7739	4.1867
60.7645	4.1885
60.7573	4.1902
60.7524	4.1921
60.7446	4.1938
60.7334	4.1954
60.7223	4.1971
60.7095	4.1985
60.7021	4.2002
60.6935	4.2021
60.6844	4.2038
60.6743	4.2052
60.6615	4.2069
60.6511	4.2085
60.6405	4.21
60.6285	4.2115
60.6204	4.2131
60.6104	4.2148
60.6027	4.2165
60.5926	4.2181
60.5856	4.2198
60.576	4.2217
60.5674	4.2233
60.5573	4.225
60.5455	4.2267
60.5389	4.2285
60.5318	4.2302
60.5243	4.2321
60.5136	4.2337
60.5039	4.2354
60.4903	4.2371
60.4787	4.2385
60.4678	4.2402
60.4585	4.2419
60.4487	4.2435
60.4382	4.2452
60.4252	4.2469
60.4135	4.2485
60.403	4.2502
60.3926	4.2517
60.3775	4.2533
60.3642	4.2548
60.3506	4.2563
60.3432	4.2579
60.3326	4.2598
60.3193	4.2615
60.3116	4.2633
60.3008	4.2652
60.287	4.2669
60.2733	4.2685
60.2603	4.2704
60.2439	4.2721
60.232	4.2738
60.2159	4.2754
60.2007	4.2771
60.1832	4.2785
60.1689	4.2802
60.1546	4.2819
60.1404	4.2838
60.1217	4.2854
60.1048	4.2869
60.0872	4.2885
60.0705	4.2902
60.0512	4.2919
60.0322	4.2933
60.0103	4.2948
59.9882	4.2965
59.9633	4.2979
59.9412	4.2998
59.9175	4.3015
59.892	4.3033
59.8635	4.305
59.8261	4.3069
59.784	4.3085
59.7293	4.3104
59.6603	4.3121
59.5636	4.3138
59.4466	4.3154
59.3041	4.3169
59.1313	4.3185
58.9606	4.3204
58.7975	4.3221
58.6474	4.3238
58.5038	4.3252
58.3625	4.3269
58.2566	4.3285
58.1807	4.33
58.1252	4.3317
58.0822	4.3333
58.0459	4.335
58.0151	4.3365
57.9926	4.3381
57.9707	4.3398
57.957	4.3415
57.9445	4.3433
57.9352	4.345
57.9269	4.3467
57.9179	4.3483
57.9158	4.3502
57.9137	4.3521
57.906	4.3538
57.9025	4.3554
57.8975	4.3571
57.8926	4.3585
57.8924	4.3602
57.8889	4.3621
57.8915	4.3637
57.8904	4.3652
57.8913	4.3669
57.8922	4.3685
57.8963	4.3702
57.8983	4.3719
57.9041	4.3733
57.9055	4.375
57.9101	4.3767
57.9108	4.3781
57.9149	4.3798
57.9223	4.3815
57.9305	4.3833
57.9374	4.385
57.9432	4.3867
57.9497	4.3883
57.9578	4.3902
57.9659	4.3921
57.9733	4.3938
57.9791	4.3954
57.982	4.3969
57.9889	4.3985
57.9947	4.4002
58.0018	4.4019
58.0066	4.4035
58.0111	4.4052
58.0115	4.4067
58.0168	4.4085
58.0228	4.41
58.0288	4.4117
58.034	4.4133
58.0385	4.415
58.0425	4.4167
58.0435	4.4181
58.0509	4.4198
58.0547	4.4217
58.0604	4.4233
58.0641	4.425
58.0666	4.4267
58.0696	4.4283
58.0759	4.4302
58.0816	4.4319
58.0817	4.4335
58.079	4.4352
58.0744	4.4369
58.0725	4.4385
58.0655	4.4402
58.0555	4.4419
58.0507	4.4435
58.0433	4.4452
58.0367	4.4467
58.0316	4.4483
58.0236	4.45
58.0182	4.4517
58.0118	4.4533
58.0026	4.4548
57.9969	4.4565
57.9891	4.4581
57.982	4.4598
57.9757	4.4617
57.9691	4.4633
57.96	4.465
57.9513	4.4667
57.9446	4.4685
57.9369	4.4704
57.9287	4.4721
57.9191	4.4738
57.9079	4.4754
57.8965	4.4769
57.8865	4.4785
57.8773	4.4802
57.8696	4.4819
57.8594	4.4835
57.8489	4.485
57.8396	4.4867
57.8325	4.4883
57.8237	4.49
57.8157	4.4917
57.808	4.4933
57.8003	4.495
57.7919	4.4967
57.7849	4.4983
57.777	4.5
57.7709	4.5017
57.7641	4.5033
57.7579	4.505
57.7507	4.5067
57.7474	4.5085
57.7386	4.5104
57.7315	4.5121
57.721	4.5138
57.7121	4.5154
57.7033	4.5169
57.6931	4.5185
57.686	4.5202
57.6765	4.5219
57.6662	4.5233
57.655	4.525
57.6451	4.5267
57.6366	4.5283
57.6273	4.53
57.6182	4.5317
57.609	4.5333
57.5968	4.5348
57.5894	4.5365
57.5814	4.5383
57.5714	4.54
57.5643	4.5417
57.5544	4.5433
57.5439	4.545
57.5345	4.5469
57.5254	4.5485
57.514	4.5504
57.5039	4.5521
57.49	4.5538
57.4769	4.5552
57.4638	4.5569
57.4531	4.5585
57.442	4.5602
57.4305	4.5619
57.417	4.5633
57.4064	4.565
57.3973	4.5667
57.3877	4.5683
57.3771	4.57
57.3667	4.5717
57.3547	4.5731
57.3441	4.5748
57.3326	4.5765
57.3234	4.5783
57.3169	4.58
57.3073	4.5817
57.2957	4.5833
57.2894	4.5852
57.2773	4.5869
57.2683	4.5885
57.2573	4.5904
57.2461	4.5921
57.2353	4.5938
57.2232	4.5954
57.2099	4.5969
57.1974	4.5985
57.1871	4.6002
57.1745	4.6019
57.163	4.6033
57.1482	4.605
57.1369	4.6067
57.1266	4.6083
57.1139	4.61
57.0988	4.6117
57.0824	4.6133
56.9243	4.6148
56.9226	4.6165
56.9202	4.6183
56.9105	4.62
56.906	4.6217
56.8956	4.6235
56.8885	4.6252
56.8776	4.6269
56.872	4.6287
56.8632	4.6304
56.8534	4.6321
56.8414	4.6335
56.8308	4.6352
56.822	4.6369
56.8127	4.6385
56.7979	4.6402
56.7868	4.6417
56.7705	4.6433
56.7588	4.645
56.7499	4.6467
56.7391	4.6483
56.7273	4.65
56.7153	4.6517
56.7006	4.6531
56.6914	4.6548
56.6761	4.6565
56.6689	4.6581
56.6578	4.66
56.6493	4.6617
56.6369	4.6633
56.6239	4.665
56.6149	4.6669
56.6063	4.6685
56.597	4.6704
56.5819	4.6721
56.5678	4.6735
56.5583	4.6752
56.5473	4.6769
56.5346	4.6785
56.5211	4.6802
56.5122	4.6817
56.4975	4.6833
56.4859	4.685
56.472	4.6867
56.4607	4.6881
56.4498	4.6898
56.4367	4.6915
56.4235	4.6931
56.4115	4.6948
56.3995	4.6965
56.3873	4.6983
56.3738	4.7
56.3634	4.7019
56.3507	4.7035
56.3394	4.7054
56.3227	4.7071
56.3091	4.7088
56.2927	4.7104
56.2749	4.7121
56.2587	4.7135
56.2432	4.7152
56.2306	4.7169
56.2157	4.7185
56.2014	4.7202
56.1838	4.7217
56.1673	4.7233
56.1532	4.7248
56.1385	4.7265
56.1263	4.7281
56.1131	4.7298
56.0979	4.7315
56.0835	4.7331
56.0691	4.7348
56.0578	4.7367
56.0433	4.7383
56.0294	4.74
56.0147	4.7419
56.0028	4.7438
55.9894	4.7454
55.9714	4.7471
55.9542	4.7488
55.9356	4.7504
55.9177	4.7521
55.8987	4.7538
55.8805	4.7552
55.8594	4.7569
55.8396	4.7583
55.8193	4.76
55.7984	4.7615
55.7775	4.7631
55.7579	4.7648
55.7393	4.7665
55.7155	4.7681
55.6928	4.7698
55.6689	4.7715
55.6422	4.7731
55.6142	4.7748
55.5875	4.7765
55.5582	4.7783
55.528	4.78
55.5006	4.7819
55.4694	4.7835
55.4394	4.7854
55.4137	4.7871
55.3814	4.7888
55.353	4.7904
55.3203	4.7921
55.2914	4.7938
55.2586	4.7954
55.2292	4.7969
55.2044	4.7985
55.1765	4.8
55.1507	4.8017
55.1242	4.8031
55.1017	4.8048
55.0794	4.8065
55.058	4.8083
55.0329	4.8098
55.0119	4.8115
54.9893	4.8131
54.9709	4.8148
54.9497	4.8167
54.9338	4.8183
54.9153	4.8202
54.8963	4.8219
54.8762	4.8235
54.8606	4.8254
54.8427	4.8271
54.8246	4.8288
54.8069	4.8304
54.7879	4.8321
54.7706	4.8338
54.7525	4.8354
54.7352	4.8369
54.7165	4.8385
54.7006	4.84
54.6838	4.8417
54.6674	4.8431
54.6532	4.8448
54.6422	4.8465
54.6263	4.8481
54.611	4.8498
54.5991	4.8515
54.5877	4.8531
54.575	4.8548
54.5639	4.8567
54.5519	4.8583
54.543	4.86
54.5319	4.8619
54.5182	4.8635
54.5087	4.8652
54.4992	4.8671
54.4881	4.8688
54.4751	4.8704
54.4621	4.8721
54.4513	4.8738
54.4406	4.8754
54.4302	4.8771
54.421	4.8785
54.4053	4.88
54.392	4.8817
54.3819	4.8831
54.3757	4.8848
54.3642	4.8865
54.3552	4.8881
54.345	4.8898
54.3331	4.8915
54.3239	4.8931
54.3151	4.8948
54.3052	4.8967
54.2984	4.8983
54.2892	4.9
54.2792	4.9019
54.271	4.9035
54.2583	4.9052
54.2509	4.9071
54.2426	4.9088
54.2308	4.9104
54.2169	4.9121
54.2082	4.9138
54.1979	4.9154
54.1864	4.9169
54.1748	4.9185
54.1646	4.9202
54.1554	4.9217
54.144	4.9233
54.133	4.9248
54.1244	4.9265
54.1176	4.9281
54.108	4.9298
54.0995	4.9315
54.0917	4.9331
54.0864	4.9348
54.0764	4.9367
54.069	4.9383
54.0634	4.94
54.0551	4.9419
54.0472	4.9435
54.04	4.9454
54.032	4.9471
54.0247	4.949
54.0161	4.9504
54.006	4.9521
53.9943	4.9535
53.9872	4.9552
53.9774	4.9569
53.9685	4.9585
53.9603	4.9602
53.9501	4.9617
53.9407	4.9633
53.9293	4.9648
53.9222	4.9665
53.9143	4.9681
53.9047	4.9698
53.898	4.9715
53.8898	4.9731
53.8825	4.9748
53.8759	4.9767
53.8694	4.9783
53.8625	4.9802
53.855	4.9819
53.8486	4.9835
53.8446	4.9854
53.8347	4.9871
53.827	4.9888
53.8181	4.9904
53.8058	4.9921
53.7999	4.9938
53.7912	4.9954
53.7869	4.9971
53.7778	4.9985
53.7687	5.0002
53.7611	5.0019
53.7541	5.0033
53.7468	5.005
53.7399	5.0067
53.7327	5.0081
53.7262	5.0098
53.7194	5.0115
53.7152	5.0131
53.7074	5.0148
53.702	5.0167
53.6991	5.0183
53.6903	5.02
53.6826	5.0219
53.6751	5.0235
53.6711	5.0254
53.6649	5.0271
53.6569	5.0288
53.6471	5.0304
53.6355	5.0319
53.629	5.0335
53.6227	5.0354
53.6158	5.0371
53.6074	5.0385
53.5987	5.0402
53.5899	5.0419
53.5819	5.0433
53.5746	5.045
53.568	5.0467
53.5573	5.0481
53.5498	5.0498
53.5456	5.0515
53.5376	5.0531
53.5337	5.055
53.527	5.0567
53.518	5.0583
53.5115	5.06
53.5065	5.0617
53.5009	5.0635
53.4973	5.0654
53.4893	5.0671
53.4828	5.0687
53.4739	5.0704
53.4669	5.0719
53.4583	5.0735
53.4532	5.0752
53.4464	5.0769
53.4422	5.0785
53.4333	5.0802
53.4258	5.0817
53.4171	5.0833
53.4116	5.085
53.4021	5.0865
53.396	5.0881
53.3892	5.0898
53.3856	5.0915
53.3785	5.0931
53.3747	5.0948
53.372	5.0967
53.3665	5.0983
53.3588	5.1002
53.3525	5.1019
53.3472	5.1035
53.3431	5.1054
53.3389	5.1071
53.3298	5.1088
53.3243	5.1104
53.3183	5.1121
53.3108	5.1135
53.3054	5.1152
53.3008	5.1169
53.2947	5.1185
53.2877	5.1202
53.2825	5.1219
53.2765	5.1235
53.2706	5.125
53.2655	5.1267
53.2595	5.1281
53.255	5.1298
53.2516	5.1315
53.2476	5.1331
53.2464	5.135
53.2435	5.1367
53.2386	5.1383
53.2343	5.1402
53.2319	5.1419
53.2296	5.1435
53.2244	5.1454
53.221	5.1471
53.2176	5.1488
53.2109	5.1502
53.2053	5.1519
53.2024	5.1537
53.1978	5.1554
53.1926	5.1571
53.1869	5.1585
53.1832	5.1602
53.1767	5.1619
53.1746	5.1635
53.1698	5.1652
53.1631	5.1669
53.1595	5.1685
53.1546	5.17
53.1474	5.1717
53.1446	5.1733
53.1385	5.1748
53.1345	5.1765
53.1279	5.1783
53.1258	5.18
53.1186	5.1817
53.1129	5.1835
53.109	5.1854
53.1037	5.1871
53.0951	5.1888
53.0914	5.1904
53.0842	5.1919
53.0811	5.1935
53.0764	5.1952
53.0717	5.1971
53.0662	5.1985
53.0598	5.2002
53.055	5.2019
53.0498	5.2035
53.0453	5.2052
53.0402	5.2069
53.0349	5.2083
53.0293	5.21
53.0226	5.2117
53.0177	5.2131
53.015	5.2148
53.0119	5.2167
53.0082	5.2183
53.0021	5.22
52.9984	5.2219
52.9929	5.2235
52.9904	5.2254
52.9859	5.2271
52.9781	5.2288
52.9697	5.2302
52.9653	5.2319
52.9611	5.2335
52.9558	5.2352
52.95	5.2369
52.948	5.2385
52.941	5.2402
52.9338	5.2419
52.9313	5.2433
52.9269	5.245
52.9218	5.2467
52.9162	5.2483
52.9102	5.25
52.906	5.2517
52.9027	5.2533
52.898	5.2548
52.8935	5.2567
52.8901	5.2583
52.8851	5.26
52.8835	5.2617
52.8734	5.2635
52.8835	5.2652
52.8694	5.2669
52.8751	5.2685
52.8551	5.2702
52.8647	5.2719
52.8507	5.2735
52.8523	5.2752
52.843	5.2769
52.8383	5.2785
52.8318	5.28
52.8246	5.2817
52.8224	5.2833
52.8173	5.285
52.8109	5.2867
52.8053	5.2883
52.8038	5.2898
52.7947	5.2915
52.7962	5.2933
52.7877	5.295
52.7848	5.2967
52.7761	5.2983
52.7766	5.3
52.772	5.3017
52.7707	5.3035
52.7641	5.3052
52.7626	5.3069
52.755	5.3088
52.751	5.3102
52.7455	5.3119
52.7402	5.3135
52.7346	5.3152
52.7308	5.3169
52.7236	5.3183
52.7192	5.32
52.7161	5.3217
52.7117	5.3233
52.7081	5.325
52.7029	5.3267
52.7006	5.3283
52.6955	5.33
52.6943	5.3317
52.6889	5.3333
52.6876	5.335
52.6813	5.3367
52.6776	5.3383
52.6737	5.34
52.6687	5.3419
52.67	5.3435
52.6671	5.3454
52.6647	5.3471
52.6598	5.3488
52.6545	5.3502
52.6477	5.3519
52.6442	5.3535
52.6399	5.3552
52.6365	5.3569
52.6305	5.3583
52.6263	5.36
52.6203	5.3617
52.6171	5.3635
52.6129	5.365
52.6082	5.3667
52.6024	5.3683
52.5989	5.37
52.5967	5.3717
52.5924	5.3733
52.5882	5.375
52.5845	5.3769
52.5828	5.3785
52.5791	5.3802
52.5771	5.3819
52.5715	5.3835
52.5697	5.3852
52.565	5.3869
52.5579	5.3885
52.5539	5.3902
52.5531	5.3919
52.5486	5.3935
52.5451	5.3952
52.5374	5.3967
52.5342	5.3983
52.5319	5.4
52.5291	5.4017
52.5269	5.4033
52.5203	5.405
52.5176	5.4067
52.5119	5.4083
52.5092	5.4098
52.504	5.4115
52.5028	5.4133
52.5031	5.415
52.5002	5.4169
52.4993	5.4187
52.4983	5.4204
52.4905	5.4219
52.4876	5.4238
52.4841	5.4254
52.4792	5.4271
52.4779	5.4288
52.4745	5.4302
52.4696	5.4319
52.4671	5.4335
52.462	5.435
52.4589	5.4367
52.4539	5.4383
52.4538	5.44
52.4501	5.4417
52.448	5.4433
52.4443	5.445
52.4407	5.4467
52.4358	5.4481
52.4323	5.4498
52.4293	5.4517
52.4315	5.4533
52.4277	5.4552
52.4273	5.4569
52.4254	5.4588
52.4215	5.4604
52.4163	5.4621
52.4134	5.4635
52.4101	5.4652
52.4052	5.4669
52.4029	5.4685
52.3997	5.4702
52.3972	5.4719
52.396	5.4735
52.3881	5.475
52.3867	5.4767
52.3826	5.4783
52.3788	5.48
52.3783	5.4817
52.3735	5.4833
52.3721	5.485
52.3688	5.4865
52.3654	5.4881
52.3619	5.4898
52.3603	5.4915
52.3589	5.4933
52.3577	5.495
52.3563	5.4967
52.3531	5.4983
52.352	5.5002
52.3528	5.5021
52.3489	5.5038
52.3464	5.5052
52.3411	5.5069
52.3389	5.5085
52.336	5.5102
52.3314	5.5119
52.3302	5.5135
52.3278	5.515
52.3235	5.5167
52.321	5.5181
52.3196	5.5198
52.3186	5.5215
52.3158	5.5233
52.3162	5.525
52.3142	5.5265
52.3107	5.5281
52.3097	5.53
52.3094	5.5317
52.3082	5.5333
52.3083	5.5352
52.3078	5.5369
52.3073	5.5388
52.3043	5.5404
52.2983	5.5421
52.2972	5.5438
52.2912	5.5452
52.2849	5.5469
52.2828	5.5485
52.2814	5.5502
52.2776	5.5519
52.2745	5.5535
52.2687	5.555
52.2633	5.5567
52.2599	5.5583
52.257	5.5598
52.252	5.5615
52.2502	5.5631
52.2453	5.5648
52.2416	5.5665
52.2392	5.5681
52.2378	5.57
52.2331	5.5717
52.2319	5.5735
52.2299	5.5752
52.2252	5.5771
52.2216	5.5788
52.2184	5.5804
52.2136	5.5821
52.2079	5.5838
52.2011	5.5854
52.1967	5.5871
52.1897	5.5885
52.1839	5.5902
52.1781	5.5917
52.1738	5.5933
52.1676	5.595
52.1626	5.5965
52.1582	5.5981
52.1552	5.5998
52.1512	5.6015
52.1464	5.6031
52.1408	5.6048
52.1403	5.6065
52.1335	5.6081
52.1318	5.61
52.1275	5.6117
52.1247	5.6135
52.1219	5.6152
52.1193	5.6169
52.1157	5.6188
52.1125	5.6204
52.1065	5.6221
52.1	5.6238
52.0935	5.6254
52.0893	5.6271
52.0815	5.6285
52.0739	5.6302
52.0694	5.6319
52.0633	5.6333
52.0541	5.635
52.0506	5.6365
52.0463	5.6381
52.0401	5.6398
52.0404	5.6417
52.0316	5.6431
52.0275	5.6448
52.023	5.6465
52.0186	5.6481
52.0163	5.65
52.0149	5.6517
52.0106	5.6535
52.0075	5.6552
52.002	5.6569
52.0013	5.6588
51.9971	5.6604
51.99	5.6621
51.9873	5.6638
51.9799	5.6654
51.9747	5.6671
51.9716	5.6685
51.9645	5.6702
51.9602	5.6719
51.9536	5.6735
51.9478	5.675
51.9419	5.6767
51.9365	5.6781
51.932	5.6798
51.9285	5.6815
51.9225	5.6831
51.9189	5.6848
51.9159	5.6865
51.9123	5.6881
51.9065	5.69
51.9051	5.6917
51.8991	5.6933
51.8977	5.6952
51.8933	5.6969
51.888	5.6985
51.8841	5.7004
51.88	5.7021
51.872	5.7038
51.8661	5.7052
51.8586	5.7069
51.8562	5.7085
51.8488	5.7102
51.8435	5.7119
51.8366	5.7133
51.828	5.715
51.8232	5.7165
51.8195	5.7181
51.8144	5.7198
51.809	5.7215
51.8055	5.7231
51.8018	5.7248
51.7982	5.7265
51.7931	5.7281
51.7896	5.73
51.7885	5.7317
51.7843	5.7335
51.7813	5.7352
51.7787	5.7369
51.7711	5.7385
51.7701	5.7404
51.7646	5.7421
51.76	5.7438
51.7527	5.7454
51.7465	5.7471
51.7421	5.7485
51.7357	5.7502
51.7314	5.7519
51.7239	5.7533
51.7206	5.755
51.7143	5.7567
51.7093	5.7583
51.7052	5.76
51.6992	5.7615
51.6947	5.7631
51.6908	5.7648
51.6867	5.7665
51.6846	5.7683
51.6806	5.77
51.6766	5.7717
51.6714	5.7733
51.6684	5.7752
51.6618	5.7769
51.6619	5.7788
51.657	5.7804
51.6513	5.7823
51.6454	5.7838
51.6353	5.7854
51.6266	5.7869
51.6216	5.7885
51.6149	5.7902
51.6093	5.7919
51.6034	5.7935
51.5943	5.795
51.5887	5.7967
51.5814	5.7983
51.5764	5.7998
51.5702	5.8015
51.5655	5.8031
51.5619	5.8048
51.5595	5.8065
51.5528	5.8081
51.5505	5.81
51.5493	5.8117
51.543	5.8135
51.5381	5.8152
51.532	5.8169
51.5293	5.8188
51.5241	5.8204
51.5177	5.8221
51.5109	5.8238
51.5033	5.8252
51.4975	5.8269
51.4933	5.8288
51.4851	5.8304
51.4771	5.8319
51.4696	5.8335
51.4624	5.8352
51.4568	5.8367
51.4517	5.8383
51.4426	5.84
51.44	5.8417
51.4299	5.8431
51.4232	5.8448
51.4184	5.8465
51.4136	5.8481
51.4106	5.85
51.4054	5.8517
51.3998	5.8533
51.396	5.8552
51.3911	5.8569
51.386	5.8587
51.3822	5.8604
51.3745	5.8621
51.3651	5.8638
51.3559	5.8652
51.3509	5.8669
51.3443	5.8688
51.3387	5.8702
51.3302	5.8719
51.3219	5.8735
51.3146	5.8752
51.3088	5.8767
51.3022	5.8783
51.2947	5.88
51.2877	5.8815
51.2802	5.8831
51.2777	5.8848
51.2721	5.8865
51.2668	5.8883
51.2626	5.89
51.2564	5.8917
51.2506	5.8933
51.2483	5.895
51.2434	5.8969
51.2383	5.8988
51.2315	5.9004
51.2246	5.9021
51.2155	5.9038
51.2098	5.9052
51.203	5.9069
51.1986	5.9085
51.1935	5.9102
51.1862	5.9119
51.1791	5.9135
51.1728	5.915
51.1677	5.9167
51.162	5.9183
51.1561	5.92
51.1514	5.9215
51.1444	5.9231
51.14	5.9248
51.137	5.9265
51.1324	5.9281
51.1304	5.93
51.126	5.9317
51.1212	5.9335
51.1196	5.9352
51.1124	5.9369
51.1089	5.9388
51.1037	5.9404
51.0997	5.9421
51.0916	5.9437
51.0862	5.9452
51.0792	5.9469
51.0741	5.9485
51.0693	5.9502
51.0639	5.9519
51.0565	5.9535
51.0512	5.9552
51.0452	5.9569
51.0387	5.9583
51.034	5.96
51.0293	5.9617
51.02	5.9631
51.015	5.9648
51.0131	5.9665
51.0075	5.9683
51.0056	5.97
51.0009	5.9717
50.9939	5.9733
50.9893	5.9752
50.9827	5.9769
50.9796	5.9785
50.9741	5.9804
50.9682	5.9821
50.96	5.9835
50.9545	5.9852
50.9484	5.9871
50.9421	5.9887
50.9366	5.9904
50.9276	5.9919
50.9196	5.9935
50.9154	5.9952
50.907	5.9969
50.9006	5.9983
50.8948	6
50.8874	6.0017
50.8826	6.0033
50.8753	6.005
50.8684	6.0065
50.864	6.0081
50.858	6.01
50.855	6.0117
50.8513	6.0133
50.8481	6.015
50.8408	6.0169
50.839	6.0185
50.8337	6.0204
50.8282	6.0221
50.8217	6.0235
50.8154	6.0252
50.8118	6.0269
50.8089	6.0285
50.7999	6.0304
50.7942	6.0319
50.7875	6.0335
50.7835	6.0352
50.778	6.0367
50.7727	6.0383
50.768	6.04
50.7615	6.0417
50.7587	6.0433
50.7518	6.045
50.7477	6.0465
50.7426	6.0483
50.7383	6.05
50.7337	6.0517
50.7289	6.0533
50.7224	6.055
50.7176	6.0567
50.7117	6.0585
50.7093	6.0602
50.7033	6.0619
50.6958	6.0635
50.6869	6.0652
50.6814	6.0669
50.6756	6.0685
50.6692	6.0702
50.6618	6.0719
50.6528	6.0733
50.6463	6.075
50.6397	6.0767
50.6331	6.0783
50.6273	6.08
50.6181	6.0817
50.614	6.0833
50.6065	6.085
50.601	6.0867
50.5956	6.0883
50.5886	6.09
50.5841	6.0917
50.5757	6.0933
50.5712	6.095
50.565	6.0969
50.5595	6.0985
50.553	6.1002
50.5464	6.1019
50.5398	6.1035
50.534	6.1052
50.5267	6.1069
50.5215	6.1085
50.5141	6.1102
50.5065	6.1119
50.4993	6.1133
50.4933	6.115
50.4864	6.1167
50.4812	6.1183
50.4739	6.1198
50.4696	6.1215
50.465	6.1231
50.4608	6.1248
50.4554	6.1267
50.4521	6.1283
50.4483	6.13
50.4402	6.1317
50.4365	6.1333
50.4317	6.135
50.4288	6.1369
50.4228	6.1385
50.4187	6.1402
50.4136	6.1419
50.4061	6.1435
50.4023	6.1452
50.3966	6.1469
50.3916	6.1485
50.3841	6.1502
50.3762	6.1517
50.3713	6.1533
50.3668	6.155
50.3608	6.1567
50.3555	6.1583
50.3492	6.16
50.3444	6.1617
50.3362	6.1633
50.3319	6.165
50.3271	6.1667
50.3224	6.1683
50.3168	6.17
50.3113	6.1717
50.3047	6.1733
50.2997	6.1752
50.2947	6.1771
50.2906	6.1788
50.2832	6.1804
50.2758	6.1821
50.2676	6.1835
50.2605	6.1852
50.2563	6.1869
50.2499	6.1885
50.2426	6.1902
50.234	6.1917
50.2294	6.1933
50.2198	6.195
50.2169	6.1969
50.2102	6.1983
50.2031	6.2
50.197	6.2017
50.1897	6.2033
50.1847	6.205
50.1785	6.2067
50.1738	6.2083
50.1701	6.2102
50.1645	6.2119
50.1584	6.2135
50.1537	6.2152
50.1474	6.2169
50.1392	6.2188
50.1324	6.2202
50.1229	6.2219
50.1172	6.2235
50.1125	6.2252
50.1058	6.2269
50.1003	6.2285
50.0907	6.23
50.0844	6.2317
50.079	6.2333
50.0728	6.235
50.0689	6.2367
50.0614	6.2383
50.0558	6.24
50.0476	6.2417
50.042	6.2431
50.035	6.2448
50.0319	6.2467
50.0264	6.2483
50.0207	6.2502
50.019	6.2521
50.0124	6.2537
50.0042	6.2554
49.9999	6.2571
49.9912	6.2588
49.9839	6.2604
49.9798	6.2621
49.9743	6.2635
49.9657	6.2652
49.9621	6.2669
49.9563	6.2685
49.9471	6.27
49.9424	6.2717
49.9384	6.2733
49.9318	6.275
49.928	6.2767
49.9219	6.2783
49.9156	6.28
49.9117	6.2815
49.9046	6.2831
49.9014	6.285
49.8992	6.2867
49.8908	6.2885
49.8889	6.2902
49.8822	6.2921
49.8767	6.2938
49.8719	6.2954
49.8635	6.2971
49.8551	6.2985
49.8453	6.3002
49.8402	6.3019
49.8339	6.3035
49.8258	6.3052
49.8198	6.3069
49.8078	6.3083
49.8029	6.3098
49.7953	6.3115
49.7891	6.3133
49.7842	6.315
49.7757	6.3167
49.7692	6.3183
49.7604	6.3198
49.7519	6.3215
49.7457	6.3231
49.7388	6.325
49.7331	6.3267
49.7272	6.3283
49.7197	6.33
49.7135	6.3317
49.7062	6.3335
49.7041	6.3354
49.695	6.3371
49.6893	6.3385
49.6792	6.3402
49.6732	6.3419
49.667	6.3435
49.6602	6.3452
49.6518	6.3469
49.6463	6.3483
49.6372	6.35
49.6306	6.3517
49.6257	6.3531
49.6206	6.3548
49.6176	6.3565
49.61	6.3583
49.6039	6.3598
49.5981	6.3615
49.5925	6.3631
49.5905	6.365
49.5852	6.3667
49.5803	6.3685
49.5786	6.3704
49.5722	6.3721
49.5661	6.3738
49.5604	6.3754
49.5552	6.3771
49.5465	6.3785
49.54	6.3802
49.5335	6.3819
49.5293	6.3835
49.5235	6.3852
49.5169	6.3869
49.5082	6.3883
49.5018	6.39
49.4971	6.3917
49.49	6.3931
49.4854	6.3948
49.4803	6.3965
49.4728	6.3981
49.4653	6.3998
49.4634	6.4015
49.4572	6.4033
49.4515	6.405
49.4485	6.4069
49.4426	6.4085
49.4365	6.4104
49.4318	6.4121
49.4256	6.4138
49.416	6.4154
49.4082	6.4171
49.4004	6.4188
49.3933	6.4204
49.3861	6.4219
49.3753	6.4235
49.3671	6.4252
49.3606	6.4267
49.35	6.4283
49.3416	6.4298
49.3321	6.4315
49.329	6.4331
49.3205	6.4348
49.3131	6.4365
49.307	6.4381
49.3007	6.4398
49.2909	6.4415
49.2848	6.4433
49.2778	6.445
49.2719	6.4467
49.2663	6.4485
49.2573	6.4502
49.2524	6.4521
49.2466	6.4538
49.238	6.4554
49.2275	6.4571
49.2195	6.4587
49.2097	6.4604
49.2016	6.4619
49.1925	6.4635
49.1851	6.4652
49.1782	6.4669
49.1677	6.4683
49.1603	6.47
49.1517	6.4715
49.1442	6.4731
49.1387	6.4748
49.1295	6.4765
49.122	6.4781
49.1177	6.4798
49.1102	6.4815
49.1047	6.4833
49.0989	6.485
49.0969	6.4869
49.0911	6.4885
49.0826	6.4904
49.0773	6.4921
49.07	6.4938
49.0619	6.4954
49.0547	6.4971
49.0469	6.4988
49.0396	6.5004
49.033	6.5021
49.0245	6.5035
49.0148	6.5052
49.0077	6.5067
48.9981	6.5083
48.9918	6.5098
48.9831	6.5115
48.9796	6.5131
48.9717	6.5148
48.9622	6.5165
48.9564	6.5181
48.9513	6.5198
48.9432	6.5215
48.9379	6.5233
48.9287	6.525
48.9227	6.5269
48.9145	6.5285
48.9045	6.5302
48.896	6.5321
48.8861	6.5338
48.8797	6.5354
48.8654	6.5371
48.858	6.5388
48.8469	6.5402
48.8393	6.5419
48.8294	6.5435
48.822	6.5452
48.8126	6.5469
48.8018	6.5483
48.7954	6.55
48.7834	6.5515
48.7786	6.5531
48.7717	6.5548
48.7645	6.5565
48.7578	6.5581
48.7476	6.5598
48.7399	6.5615
48.7329	6.5633
48.7219	6.565
48.7151	6.5667
48.7048	6.5685
48.6963	6.5702
48.6855	6.5719
48.6782	6.5738
48.6679	6.5754
48.6575	6.5771
48.6459	6.5788
48.6354	6.5804
48.6225	6.5821
48.6135	6.5835
48.6022	6.5852
48.5899	6.5869
48.5773	6.5883
48.5682	6.59
48.5582	6.5917
48.5499	6.5933
48.5406	6.5948
48.53	6.5965
48.5212	6.5981
48.5137	6.5998
48.5035	6.6015
48.4955	6.6033
48.4874	6.605
48.4785	6.6067
48.4689	6.6085
48.4586	6.6102
48.4512	6.6121
48.4434	6.6137
48.4337	6.6154
48.4227	6.6171
48.4094	6.6188
48.3983	6.6202
48.3876	6.6219
48.3792	6.6235
48.3675	6.6252
48.36	6.6269
48.3504	6.6285
48.3397	6.63
48.3282	6.6317
48.3215	6.6333
48.3104	6.6348
48.2994	6.6365
48.2899	6.6381
48.2797	6.6398
48.2688	6.6415
48.2611	6.6433
48.2495	6.645
48.2375	6.6469
48.2262	6.6485
48.2136	6.6502
48.2004	6.6521
48.1882	6.6538
48.1753	6.6554
48.1586	6.6571
48.1431	6.6588
48.1257	6.6602
48.1153	6.6621
48.1018	6.6638
48.0858	6.6652
48.0728	6.6669
48.0595	6.6685
48.0474	6.6702
48.0351	6.6717
48.0208	6.6733
48.0086	6.675
47.9944	6.6765
47.9839	6.6781
47.9708	6.6798
47.9587	6.6815
47.9455	6.6833
47.9288	6.685
47.913	6.6867
47.8955	6.6883
47.8809	6.6902
47.8652	6.6921
47.8489	6.6938
47.8328	6.6954
47.816	6.6971
47.794	6.6985
47.7747	6.7002
47.7572	6.7021
47.7405	6.7038
47.7267	6.7052
47.7086	6.7069
47.6917	6.7085
47.6794	6.71
47.6641	6.7117
47.6462	6.7133
47.6305	6.7148
47.6154	6.7165
47.5983	6.7181
47.5855	6.7198
47.5716	6.7217
47.5546	6.7233
47.5409	6.725
47.5196	6.7267
47.5026	6.7283
47.4814	6.7302
47.4608	6.7321
47.4423	6.7337
47.4213	6.7354
47.3964	6.7371
47.3766	6.7385
47.3566	6.7402
47.3369	6.7419
47.319	6.7435
47.2988	6.7452
47.2768	6.7469
47.2561	6.7485
47.2345	6.75
47.2103	6.7517
47.1875	6.7533
47.1609	6.7548
47.1376	6.7565
47.1144	6.7581
47.0916	6.7598
47.0693	6.7615
47.0462	6.7633
47.0215	6.765
46.993	6.7669
46.9613	6.7685
46.9283	6.7702
46.8944	6.7721
46.8572	6.7738
46.818	6.7754
46.78	6.7771
46.7462	6.7785
46.7163	6.7802
46.6881	6.7819
46.6625	6.7835
46.6394	6.7852
46.6113	6.7869
46.5817	6.7885
46.5473	6.79
46.5127	6.7917
46.4708	6.7933
46.4296	6.795
46.3862	6.7965
46.3504	6.7981
46.3189	6.7998
46.2838	6.8017
46.2426	6.8033
46.1874	6.805
46.1287	6.8069
46.0788	6.8085
46.034	6.8102
45.986	6.8121
45.9288	6.8138
45.8549	6.8154
45.7863	6.8169
45.7299	6.8185
45.6627	6.8202
45.5865	6.8221
45.507	6.8238
-1.0164	6.8258
-1.8337	6.8273
-1.9021	6.8288
-1.8982	6.8302
-1.895	6.8317
-1.8917	6.8333
-1.8933	6.835
-1.8941	6.8365
-1.8934	6.8383
-1.893	6.84
-1.893	6.8417
-1.8927	6.8433
-1.8909	6.845
-1.8892	6.8467
-1.8894	6.8483
-1.8895	6.8502
-1.8898	6.8519
-1.8883	6.8538
-1.8871	6.8554
-1.8895	6.8571
-1.8876	6.8585
-1.8908	6.8602
-1.8882	6.8619
-1.8871	6.8635
-1.8876	6.8652
-1.8867	6.8669
-1.8875	6.8683
-1.8875	6.87
-1.8878	6.8717
-1.8868	6.8733
-1.8855	6.875
-1.8885	6.8767
-1.8869	6.8781
-1.8853	6.8798
-1.885	6.8817
-1.8847	6.8833
-1.8866	6.885
-1.8857	6.8867
-1.8871	6.8883
-1.8868	6.8902
-1.8877	6.8919
-1.8846	6.8938
-1.8849	6.8954
-1.8867	6.8969
-1.882	6.8985
-1.8838	6.9002
-1.8828	6.9019
-1.8835	6.9035
-1.8849	6.9052
-1.885	6.9067
-1.8866	6.9083
-1.8864	6.91
-1.8859	6.911
